%YAML:1.0
R: !!opencv-matrix
   rows: 3
   cols: 3
   dt: d
   data: [ 9.9712019250299899e-01, -4.5028403163407029e-03,
       -7.5703673172890645e-02, 2.9322304452603291e-03,
       9.9977841578656790e-01, -2.0845175746835223e-02,
       7.5780760931770774e-02, 2.0563165038147601e-02,
       9.9691244977491167e-01 ]
T: !!opencv-matrix
   rows: 3
   cols: 1
   dt: d
   data: [ 1.8149139835332648e-01, -1.0193251148594383e+01,
       -3.6221717722276514e-01 ]
R1: !!opencv-matrix
   rows: 3
   cols: 3
   dt: d
   data: [ 9.9920254189058144e-01, 1.2714391314943042e-02,
       -3.7850026854564074e-02, -1.2119111358711592e-02,
       9.9979989277899384e-01, 1.5915449694798783e-02,
       3.8044808046248171e-02, -1.5444049099993936e-02,
       9.9915668137090552e-01 ]
R2: !!opencv-matrix
   rows: 3
   cols: 3
   dt: d
   data: [ 9.9913316610819491e-01, 1.6430456582663119e-02,
       3.8248614080766470e-02, -1.7791007918536751e-02,
       9.9921105653288944e-01, 3.5506964664267796e-02,
       -3.7635042445263008e-02, -3.6156667419885657e-02,
       9.9863722090718765e-01 ]
P1: !!opencv-matrix
   rows: 3
   cols: 4
   dt: d
   data: [ 1.2224117608503150e+03, 0., 6.3265134429931641e+02, 0., 0.,
       1.2224117608503150e+03, 4.2600852203369141e+02, 0., 0., 0., 1.,
       0. ]
P2: !!opencv-matrix
   rows: 3
   cols: 4
   dt: d
   data: [ 1.2224117608503150e+03, 0., 6.3265134429931641e+02, 0., 0.,
       1.2224117608503150e+03, 4.2600852203369141e+02,
       -1.2470188358982214e+04, 0., 0., 1., 0. ]
Q: !!opencv-matrix
   rows: 4
   cols: 4
   dt: d
   data: [ 1., 0., 0., -6.3265134429931641e+02, 0., 1., 0.,
       -4.2600852203369141e+02, 0., 0., 0., 1.2224117608503150e+03, 0.,
       0., 9.8026727877756389e-02, 0. ]
