%YAML:1.0
M1: !!opencv-matrix
   rows: 3
   cols: 3
   dt: d
   data: [ 1.4534883212691691e+03, 0., 6.4339811774188911e+02, 0.,
       1.4534883212691691e+03, 4.6597841573323302e+02, 0., 0., 1. ]
D1: !!opencv-matrix
   rows: 1
   cols: 8
   dt: d
   data: [ 4.7691593462466493e-02, -5.3417215239034133e-01, 0., 0., 0.,
       0., 0., -1.3918931189080042e+00 ]
M2: !!opencv-matrix
   rows: 3
   cols: 3
   dt: d
   data: [ 1.4534883212691691e+03, 0., 6.2714323211477233e+02, 0.,
       1.4534883212691691e+03, 4.6946105894315070e+02, 0., 0., 1. ]
D2: !!opencv-matrix
   rows: 1
   cols: 8
   dt: d
   data: [ -3.4327214107918079e-02, 4.8908037276972183e-01, 0., 0., 0.,
       0., 0., 2.2710699513569832e+00 ]
